02110003
05110001
04110002
02110002
08110004
08110010
02110001
03110001
01110002
01151002
05110002
06151001
01154001
02155002
08110002
05110005
02153001
02154001
02155001
08155002
02159043
05110095
04151001
05151003
08110007
08110005
01110001
05155001
08110003
08155001
05110003
08151001
01152001
03155001
08110009
05154001
08110001
02110016
04110001
06155001
08110006
08153001
14153001
06154002
06154001
01110005
01110003
01110004
01151001
08110024
02110009
04151002
05110004
02110008
08110011
07151002
01110006
14110019
08159090
11110001
06110001
02110007
21110057
05159174
11159031
05110040
05110006
05110007
11153001
06110005
09110001
08110008
08154001
01151004
02110004
14110027
07110001
11151001
02110006
01151003
06110002
02110005
03152001
06110003
07110009
12110001
14110001
24110002
14151001
04110013
14153002
01152002
28152001
13155001
04110004
09152001
11110003
13110004
05152001
27151001
08159089
03110002
07110003
24110001
24151001
01110009
07110004
12152001
14152001
08110035
11110002
12151001
02110015
04110003
02151001
02152001
08110014
01110008
08110023
08151002
08152001
08153003
05110008
05110009
05110052
01110007
05110011
24153001
12110005
13151001
08110012
26110001
28110001
29110001
09151001
28151001
08110013
08110025
11152001
26151001
09110002
05110010
27152001
29152001
06110016
27110001
06110004
07110002
05155002
13110001
05151001
24152001
03151001
13152001
29110002
08153002
08155003
08110015
14110002
28110002
14153003
06110007
01153001
03154001
08155004
07152001
04110005
11110004
26152001
26153001
14110023
03153002
07110006
05153001
12110003
06151005
06110029
24110003
03110003
12155001
02110013
13155003
13120002
02155003
05151005
09153001
24151002
08110041
13154001
06110006
02110010
09110008
04110012
14155003
08111003
12110004
04154001
04152001
04153001
06110008
01110017
01110010
27110002
05155003
05110065
14110003
06153001
14110004
06110017
06159071
07151001
29151001
13110003
13110002
06110009
26120008
08120007
28110003
28153001
28120014
11110009
14110005
06110014
24120011
07111001
05110015
11120002
11153032
06110011
05110018
14110036
12120016
06155003
27153001
06110078
29110015
06110085
08120006
11110006
11110007
11111004
11120001
11120003
11120004
11120005
11120006
11120008
11120012
11120013
08111002
24120010
04110006
04110007
24110004
11110008
13120006
24120001
24120002
24120003
24120004
24120005
24120006
24120007
24120008
24120009
08151003
11120009
27120003
04110010
04110011
29110004
09120002
06110010
03110004
24110005
06111001
28120009
28120016
05110012
05110013
05110014
05110016
05110021
05110022
05110024
05110026
05110027
05110028
05110023
05110047
05110048
05110054
05111005
05111004
01110016
14155005
02110042
05110017
05120001
29110005
29110003
29110006
29120001
14110008
14110032
01110015
29153001
09151002
14110014
14110015
14110016
14110017
14110024
05110036
05110062
12110006
14110034
02155006
12120012
01110011
09110005
06161002
05155007
01159057
04110009
08155006
14111007
14155007
14155008
13151002
02111004
05155008
28110004
08111024
09110004
13120011
08110018
09110003
09110007
09110009
05110046
11120007
28120001
12120005
14110037
28155001
14151002
12120010
13120013
13120009
13120005
13120015
13120019
13120008
13120007
05110019
05110064
26110003
13120014
05155006
26120002
05111009
26120001
12120007
12120013
05110020
08120005
08120008
09110010
05161001
08111023
24110006
14110007
14110009
14110010
14110011
14110012
14110013
12110002
05110025
05110029
01110014
06161003
09110006
24120026
24120027
26120007
26120005
03153001
14110033
26120006
26120009
05110063
06110022
05111008
04110008
08111026
08110016
26120003
12120004
12120006
12120009
12120011
26120004
12120014
13154002
12120002
12120003
08110021
08110038
14110038
14111001
14155006
01110012
01110013
02110011
02110012
06110030
02141001
14110018
06110012
06110013
05110030
03161001
06110015
05111007
06110026
11111003
06110027
27120001
27120002
13153001
06155002
06161001
14141002
05111014
14110025
08110037
03110005
14110006
14110028
14111006
27155002
27153002
27155001
09120003
09120008
11110005
09120001
11120010
11120011
12120001
12120008
12120015
27120004
03155002
14110020
07110007
08110026
08120002
08120009
08120004
08110019
08110020
08120010
08110022
08110017
08110034
08110027
11120015
11120016
11120017
11120020
11120014
11120021
11120019
11120018
27120006
27120007
06110025
14120010
24120023
29120003
29151002
04155001
09154001
05162021
08120003
05162030
05162034
07111004
04110016
09162008
11120024
13155002
08110092
08110029
08110030
08110028
09120011
08110036
24120024
24120025
24154001
24120019
26120014
26120010
05151004
05151178
26120013
26120016
27120005
06151002
06155004
06110088
13161001
13120017
13120001
29120005
29120004
29120007
26120015
24120021
05110066
24120022
02110014
14110035
06110018
06110021
05110043
05110044
06110024
05110032
06110028
06110031
12110007
14110026
24120016
05110061
24120014
06110023
05154003
07154001
05111013
24120020
06152001
27110003
27120008
27120009
27120010
27120011
14110022
28120003
11152002
29154001
08110039
08110042
08151004
09120005
09120007
09120009
09120010
11120023
06110020
08151005
24120015
05110045
08110091
01110056
05110072
01151054
03110023
07155003
03151022
04110015
26154001
05110070
05110071
12110009
02155009
05155014
05155015
28155002
01151011
02155008
07153001
09120006
08110031
07110010
28120002
28120004
05110067
08110040
27110005
05155011
05151006
14110031
29120006
29120002
05154002
06120002
13120004
13120010
13120016
13120018
13120020
13120021
13110005
02154002
24120013
02151002
26120011
26120012
05110060
01151006
08154002
07110008
08111018
03110006
07130001
06154003
05110039
05110041
01110019
01110018
14120008
07110005
24120017
24120018
08159095
21110069
21110070
21151073
08110097
21159072
08159098
09120004
11110011
11120022
11120025
11120026
11153002
13120003
13120012
13120022
03110018
24120012
03111001
26110004
08155010
28120010
03110020
03151019
03151021
05110050
03110007
01130001
03161002
28120005
28120006
28120008
28120011
28120012
28120013
28120015
05110042
08131021
05110034
05110035
05110038
05110049
05120002
05155009
14110021
14110030
14111005
06110019
08111025
14154001
05110033
08120001
05155013
29120009
14155004
05151007
05111015
08110043
08110101
08110102
08110110
11155001
11130010
02155007
08110093
23110049
24110058
24110060
24159056
24159057
24159059
27110028
27110029
31156003
01110055
21159071
04155005
05110037
14155001
27110026
05151002
05155012
05111012
21110096
24110063
07159035
14110029
11154001
11110010
28110005
05111006
06151004
12153001
28154001
28120007
05151175
05156176
05110068
27110004
14155002
22110077
12154001
06120001
06110077
05110031
11153033
01151059
24159055
05110203
04111001
29120008
05110069
12110008
08151094
08159096
04110031
05110177
05110180
05151179
05151182
05159181
06110080
06110084
06110086
06151083
06159081
06159082
07110036
02131005
24162033
08130002
04162005
04162006
04162007
01162003
01162005
08162007
14151004
12131005
24131001
28110020
01155003
02162044
02162045
03155003
01151007
08162066
05162070
08162024
27110017
27110012
09141001
05162024
05162026
05162033
05162039
14130001
12130002
05162088
09141004
08111020
06162010
06162011
06162012
06162013
06162014
06162015
06162016
06162017
06162018
08100077
05141043
08100078
08141023
08130003
08141001
28151003
05131001
06100074
06141014
13162004
13162002
02111002
05111001
05111002
07131001
05111010
05131004
12151002
05141012
08131034
05141007
05141010
14151003
05141019
07111002
12155002
27110015
01151009
05131005
08131010
08141019
05141013
05141018
05141020
08131015
02141002
07162015
07162017
07162022
07110028
05162016
21162039
21162040
21162041
21162042
21162043
21162049
21162052
21162053
07110029
08131024
07162001
06162023
07162003
08111016
07162006
06162024
06162025
06162026
06162027
08141007
06162029
06162030
06162031
06162032
06162033
06162034
07162005
01141002
06162036
06162037
06162040
06162042
26162009
26162007
01141007
01151008
02141011
08162050
08162052
02130001
05130001
05155010
01162008
04162008
04162009
04162010
04162011
04162012
04162013
04162014
04162015
04162016
01162006
04162017
04162018
04162019
04162020
04162021
04162022
08100079
01151010
06110070
04162023
06141008
06162004
06162005
06162006
06162007
05162005
06162008
06162009
05162010
05162011
08162083
08111019
08162057
02162039
08162020
02162040
08162018
02162052
03162009
03162010
08131033
03162011
08141032
08131014
08141003
08111011
03162012
08162008
08162017
08162075
08162009
08131025
08111008
08131020
02130016
05141016
02131007
14130004
08111021
14120009
21162058
21162059
12141005
11111001
14120003
08162005
08111004
08111007
01141004
13111001
14111003
01141006
05141041
12131002
02111001
05162056
02111003
05162066
08141002
05162047
06131001
06162044
06162045
06162050
06162051
08162002
11130011
08141012
11161001
08141026
05162050
06141009
08131018
12131006
24141001
05141009
06141010
06141011
08161001
05162063
05131006
05141024
05141025
05141026
05162062
01141005
05131002
06130001
05162003
05162004
05162009
05162018
05131003
05162019
05162025
05162029
05162041
05162042
05162064
03162001
03162002
03162003
08111012
05141032
02161002
04162001
04162002
01162010
04162003
04162004
08141005
08111010
08111013
05141039
11130003
05162037
11130006
08162016
03162004
08162054
03162005
03162006
03162007
11130002
14162004
06162056
04110030
01151012
02131008
06162055
05131014
08141018
06141006
08131027
02161001
08131031
08141021
12162021
24162030
05162002
05162028
01162016
05162091
05131013
08162072
08162032
12141004
11161002
06110072
08162035
06141004
01162025
07161004
07161005
06141005
01162007
01155002
08111006
12162027
27162007
27162008
27162009
27162001
12162016
07162016
12162011
23162033
05162017
14162011
14162012
14162014
14162015
14162016
14162017
02162017
02162019
06140001
02162027
02162034
05162052
07161006
08111009
08131001
08162056
07110030
27162002
27162003
27162004
27162005
27162006
07110031
08141022
22162038
08162081
01162015
01162017
08162038
01162021
05162048
07162018
05162061
05162040
05162065
07162008
07162009
08162048
01162012
07162014
02110047
08162006
11162008
12130001
05162193
06162049
06162043
01162024
05131011
08162021
06162052
11162017
05162051
05162071
06162054
08141020
24162026
24162027
08162026
08111014
08162061
08162058
21162050
02162025
02162026
21162051
02162028
11162028
21162054
14111004
11162029
21162055
11162030
05130002
05141044
05131009
05141031
06162046
02141007
21111056
27110013
02110046
08131026
02162002
02162006
02162013
02162014
02162015
02162018
02162023
02162024
02162035
02162036
02162037
08162067
02162030
05110155
02162038
09131001
07161002
05110140
05110141
05162055
22162069
22162051
21162044
21162045
21162046
21162047
21162048
13140001
22100075
14130002
08131005
08131011
05141022
02162020
02110049
27110027
26120017
02141012
26110018
04155006
26110019
04141002
06151003
06162064
06162020
26140001
08162022
06151006
11162024
11162025
11162026
11162022
11162020
11162023
06141013
08131013
05162072
08162010
08162011
08162027
08162001
08162084
08131029
05162057
05162046
08131035
27110021
27110014
08111001
08162046
21162068
05162068
24100052
09141003
05162059
08141004
27110016
02162005
03162013
05141034
05162008
05162014
05162015
06140002
24162029
05162022
11131001
11141001
01162026
11141002
02131011
05131016
05131012
02141006
06162041
06162039
06162038
08162043
06162058
06162059
06162061
06162062
06162063
05131007
04162027
28162001
08162060
06162057
12162001
12162003
12162004
11111002
05162036
01162034
01162036
01162035
01162033
24162032
05162073
05162075
05162077
03162024
05162079
05162080
05162081
05162082
01151005
14111002
01162001
08162065
28162002
28162003
08162068
24162025
24162031
08162069
08162033
05162089
01155001
01162004
01162014
01162019
05161002
26162001
26162004
26162005
08111027
08162039
08162053
04162025
01162027
01162028
01162029
01162030
01162032
01162031
04131001
01162011
05155004
05162045
02131001
02141003
07161003
04141005
14162020
02162031
02162032
02131010
08162055
05141036
14130003
08111005
01162042
01162043
01162044
05162083
05162084
05162085
05162086
05162093
08162036
08162037
05162074
13162006
13162001
13162003
13162007
13162005
13162008
13162009
13162010
13162011
05162094
05162092
05162090
06162066
08111022
12162022
08131006
08162099
08141010
08155007
12162031
04151004
07162026
08162045
05141040
05162053
11162018
08141024
05110138
05162130
05162131
05162132
05162134
05162136
05162137
08162086
08141006
08162047
08162085
22162023
22162024
22162025
22162026
22162027
22162028
22162029
22162030
22162031
22162033
22162034
22162035
22162036
22162037
22162039
22162040
22162041
22162042
22162044
22162045
05141004
05162067
05162069
06141001
06162068
01162013
01162018
01162020
01162023
07111003
08131028
24162035
24162037
24162038
01162046
05162001
05162007
05162012
05162013
05162020
05162023
05162027
05162031
05162032
05162035
05162058
06141015
11162019
06141003
07162004
12162007
12162008
08131032
02141005
02141013
05111016
29161001
12162009
12162010
12162012
07162002
12162019
03162015
12131004
04155002
07131003
08110076
07131002
01162045
05162096
05162097
05162098
05162099
05162100
05162101
05162102
05162103
05162104
05162105
05162106
05162107
05162108
05162109
05162110
05162111
05162112
05162114
05162115
05162116
05162117
05162118
05162119
05162120
05162121
05162123
05162124
05162125
05162126
05162127
05162128
05162129
22162060
22162061
22162062
22162063
22162064
22162065
22162066
22162067
22162068
22162070
22162071
22162072
22162073
22162074
23162032
23162034
24162039
24162040
24162041
24162042
24162043
24162044
24162045
24162046
24162047
24162048
24162049
24162050
24162051
01141008
07162007
07162025
24162008
24162018
24162022
24162007
24162009
24162014
24162015
24162016
24162005
24162004
24162003
24162002
11162016
11162014
01161001
24162006
02162003
02162004
02162008
02162009
02162010
02162011
02162012
02162021
02162022
02162007
01162047
01162048
08162059
02110051
03162016
03162017
05110142
05110143
05110144
05162145
05162146
05162147
05162148
06162069
07162027
08131019
12162013
12162014
08141008
08141013
08162063
05162201
05162202
05162204
07162037
07162038
07162039
07162040
07162041
09162015
08141016
08162104
11162027
22162046
22162047
22162048
22162049
22162050
22162052
22162053
22162054
22162055
22162056
22162057
22162058
22162059
07111005
24162024
08162103
23162052
05100149
05141021
05155005
05162194
08162014
08162015
08162013
01141010
01162002
01162009
08162049
04162029
08162034
13111002
08111015
05110139
08162051
05162076
04162028
01162022
05162038
05162195
05162196
05162197
05162198
05162006
05162043
05162044
05162054
09162009
08162012
27110022
27110020
27110018
27110024
08162031
28141001
28110018
05141028
28110021
28110022
28162023
27110023
01141003
27110025
27110019
28110019
28110024
28162025
05162199
31162002
12162006
12162030
05162200
31162001
01162049
01162050
01162051
01162052
01162053
05162156
05162157
05162158
05162159
05162160
05162161
05162162
05162163
05162190
05162191
05162192
05162165
05162166
05162167
05162168
05162169
05162170
05162171
05162172
05162173
09162001
09162002
09162003
09162004
09162005
09162006
09162007
09162010
05162164
08162074
02162016
06162001
06162002
06162003
05162049
05110150
24162028
24162023
06162053
08131009
08162088
08162100
24110061
24162017
24162020
24162021
14162005
26162003
08131002
26110002
09141002
05162122
14162010
09155001
24100053
05100151
07110032
24100054
08100080
06100073
07155001
06141002
05162153
05162154
05141035
14162002
14162006
14162007
06162021
06162022
06162019
06162065
12141001
06162047
14162008
23162044
23162045
23162046
23162048
24162034
05141008
08141017
22162076
26162020
26162021
26162022
26162023
26162024
08131022
05141003
26162025
23162047
24162001
24162013
05162078
14162018
26162006
26162002
26162008
12162028
12161001
12162026
12162024
12162029
14162003
14162013
06162067
06110079
14162019
14162001
14120001
14120002
14120005
14120007
14120004
14162009
77777777
02162054
05162113
05162060
05162135
05162087
14141001
12162002
21162060
21162061
21162062
21162063
21162064
21162065
21162066
21162067
12162017
12162025
12162005
12162023
12162018
29162010
29162011
29162012
29162013
29162014
12162015
01162058
03162014
06162076
02162055
24162010
24162012
24162011
02110048
02162001
02162029
04162024
05162183
05162184
05162185
05162186
05162187
08162087
05162188
06162075
05162189
07162033
07162034
12162035
12162036
23162037
23162038
23162039
23162040
23162041
23162042
23162043
22162043
07162020
07162019
09162014
09162016
09162012
09162011
09162017
09162013
08141009
08131012
08141014
08141011
08141030
08131008
08131017
08131003
08131004
07162011
07162013
07162021
07162010
07162012
07161007
11130007
02141009
08155008
08162028
05141030
05141037
05141006
08130004
02162041
12131001
05162133
05111011
08131007
14130005
02162053
02110050
08162062
08162042
08162070
08162025
08162030
12131003
28151002
03162025
04162032
06162087
06162187
06162028
05110152
11162034
21110092
21110093
21162074
21162075
21162076
08162082
21162077
21162078
21162079
21162080
21162081
21162082
21162083
21162084
21162085
21162086
21162087
21162088
21162089
21162090
21162091
21162094
21162095
26162026
26162027
26162028
28162026
03162008
22162032
08162073
05141015
08162041
08162044
08131016
08162029
08162004
24110062
12162020
05131015
24162019
24162036
06162048
08130001
11162001
11162010
14120006
08155005
11162011
11162015
14131001
12141003
01141009
01131001
06162035
04131004
04151003
04141006
04140001
04141004
04131003
04155004
04162026
04141001
04131002
04155003
04141007
02131003
02131006
02131009
08162105
08162106
08162107
08162108
08162109
22162078
23162050
23162051
23162053
23162054
23162055
23162056
11130005
28162027
02162033
08162071
08162064
08162023
08162003
02155005
07162024
07162023
02141004
02131002
02141008
07161001
08131023
02155004
11162007
11130001
08162019
08141015
08111017
03130001
05141042
05141023
05131008
05141033
05141002
06141007
06141016
11130004
11130008
11130009
11162002
07130002
07155002
08131030
08141031
08155009
08141028
08141027
12141002
08141029
02131004
05141027
04141003
11162013
11162004
03151002
11162009
11162012
11162003
11162006
11162005
05131010
05141029
05141038
05141005
05141011
05141017
05111003
05141001
06141012
08141025
24110085
